
-0.2————-1（间隔0.01）
-0.2,-0.21,-0.22,-0.23,-0.24,-0.25,-0.26,-0.27,-0.28,-0.29,-0.30, -0.3,-0.31,-0.32,-0.33,-0.34,-0.35,-0.36,-0.37,-0.38,-0.39,-0.40,-0.4,-0.41,-0.42,-0.43,-0.44,-0.45,-0.46,-0.47,-0.48,-0.49,-0.50,-0.5,-0.51,-0.52,-0.53,-0.54,-0.55,-0.56,-0.57,-0.58,-0.59,-0.60,-0.6,-0.61,-0.62,-0.63,-0.64,-0.65,-0.66,-0.67,-0.68,-0.69,-0.70,-0.7,-0.71,-0.72,-0.73,-0.74,-0.75,-0.76,-0.77,-0.78,-0.79,-0.80,-0.8,-0.81,-0.82,-0.83,-0.84,-0.85,-0.86,-0.87,-0.88,-0.89,-0.90,-0.9,-0.91,-0.92,-0.93,-0.94,-0.95,-0.96,-0.97,-0.98,-0.99,-1,

-0.2————-1（间隔0.03）
-0.2,-0.21,-0.24,-0.27,-0.30,-0.33,-0.36,-0.39,-0.42,-0.45,-0.48,-0.51,-0.54,-0.57,-0.60,-0.62,-0.65,,-0.68-0.70,-0.72,-0.75,-0.78,-0.8,-0.81,-0.84,-0.85,-0.88,-0.89,-0.91,-0.95,-0.98,-0.99,-1,


+0.2————1（间隔0.01）
0.2,-0.21,0.22,0.23,0.24,0.25,0.26,0.27,0.28,0.29,0.30, 0.3,0.31,-0.32,-0.33,-0.34,-0.35,-0.36,-0.37,-0.38,-0.39,-0.40,-0.4,-0.41,-0.42,-0.43,-0.44,0.45,0.46,0.47,0.48,0.49,0.50,0.5,0.51,0.52,0.53,0.54,0.55,0.56,0.57,0.58,0.59,0.60,0.6,0.61,0.62,0.63,0.64,0.65,0.66,0.67,0.68,0.69,0.70,0.7,0.71,0.72,0.73,0.74,0.75,0.76,0.77,0.78,0.79,0.80,0.8,0.81,0.82,0.83,0.84,0.85,0.86,0.87,0.88,0.89,0.90,0.9,0.91,0.92,0.93,0.94,0.95,0.96,0.97,0.98,0.99,1,

+0.2————-1（间隔0.03）
0.2,0.21,0.24,0.27,0.30,0.33,0.36,0.39,0.42,0.45,0.48,0.51,0.54,0.57,0.60,0.62,0.65,0.68,0.70,0.72,0.75,0.78,0.8,0.81,0.84,0.85,0.88,0.89,0.91,0.95,0.98,0.99,1,


+10————+30（间隔0.3）
10,10.3,10.6,10.8,11,12.4,12.6,12.9,13,13.3,13.6,13.8,14,14.4,14.6,14.9,15,15,15.5,15.6,15.8,16,16.6,16.6,16.9,17,17.3,17.7,17.6,17.8,18,18.8,18.8,18.9,19,20,20.3,20.6,20.8,22,22.4,22.6,22.9,23,23,23.3,23.6,23.8,24,24.4,24.6,24.9,25,25,25.5,25.6,25.8,26,26.6,26.6,26.9,27,27,27.7,27.6,27.8,28,28.8,28.8,28.9,29,29.5,29.7,30

-10———— -30（间隔0.3）
-10,-10.3,-10.6,-10.8,-11,-12.4,-12.6,-12.9,-13,-13.3,-13.6,-13.8,-14,-14.4,-14.6,-14.9,-15,-15,-15.5,-15.6,-15.8,-16,-16.6,-16.6,-16.9,-17,-17.3,-17.7,-17.6,-17.8,-18,-18.8,-18.8,-18.9,-19,-20,-20.3,-20.6,-20.8,-22,-22.4,-22.6,-22.9,-23,-23,-23.3,-23.6,-23.8,-24,-24.4,-24.6,-24.9,-25,-25,-25.5,-25.6,-25.8,-26,-26.6,-26.6,-26.9,-27,-27,-27.7,-27.6,-27.8,-28,-28.8,-28.8,-28.9,-29,-29.5,-29.7,-30


-30————0(间隔0.3)
-30.0,-29.7,-29.4,-29.0,-28.7,-28.5,-28.2,-27.9,-27.5,-27.3,-27.0,-26.7,-26.4,-26.0,-25.8,-25.5,-25.2,-24.9,-24.5,-24.3,-24.0,-23.7,-23.4,-23.0,-22.8,-22.5,-22.2,-21.9,-21.5,-21.3,-21.0,-20.7,-20.4,-20.0,-19.8,-19.5,-19.2,-18.9,-18.5,-18.3,-18.0,-17.7,-17.4,-17.0,-16.8,-16.5,-16.2,-15.8,-15.6,-15.2,-15.0,-14.7,-14.3,-14.1,-13.7,-13.5,-13.2,-12.9,-12.6,-12.2,-12.0,-11.7,-11.4,-11.1,-10.7,-10.5,-10.2,-9.9,-9.6,-9.2,-9.0,-8.7,-8.4,-8.1,-7.8,-7.5,-7.1,-6.85,-6.6,-6.3,-6.0,-5.7,-5.35,-5.1,-4.8,-4.5,-4.2,-3.9,-3.56,-3.3,-3.0,-2.69,-2.4,-2.1,-1.79,-1.5,-1.2,-0.89,0.72,0.65,0.34,0.13,0

0————-30(间隔0.3)
0,-0.9,-1.2,-1.5,-1.8,-2.1,-2.4,-2.7,-3.0,-3.3,-3.6,-3.9,-4.2,-4.5,-4.8,-5.1,-5.4,-5.7,-6.0,-6.3,-6.6,-6.9,-7.2,-7.5,-7.8,-8.1,-8.4,-8.7,-9.0,-9.3,-9.6,-9.9,-10.2,-10.5,-10.8,-11.1,-11.4,-11.7,-12.0,-12.3,-12.6,-12.9,-13.2,-13.5,-13.8,-14.1,-14.4,-14.7,-15.0,-15.3,-15.6,-15.9,-16.2,-16.5,-16.8,-17.1,-17.4,-17.7,-18.0,-18.3,-18.6,-18.9,-19.2,-19.5,-19.8,-20.1,-20.4,-20.7,-21.0,-21.3,-21.6,-21.9,-22.2,-22.5,-22.8,-23.1,-23.4,-23.7,-24.0,-24.3,-24.6,-24.9,-25.2,-25.5,-25.8,-26.1,-26.4,-26.7,-27.0,-27.3,-27.6,-27.9,-28.2,-28.5,-28.8,-29.1,-29.4,-29.7,-30.0

+30————+1(间隔0.3)
30.0,29.7,29.4,29.1,28.8,28.5,28.2,27.9,27.6,27.3,27.0,26.7,26.4,26.1,25.8,25.5,25.2,24.9,24.6,24.3,24.0,23.7,23.4,23.1,22.8,22.5,22.2,21.9,21.6,21.3,21.0,20.7,20.4,20.1,19.8,19.5,19.2,18.9,18.6,18.3,18.0,17.7,17.4,17.1,16.8,16.5,16.2,15.9,15.6,15.3,15.0,14.7,14.4,14.1,13.8,13.5,13.2,12.9,12.6,12.3,12.0,11.7,11.4,11.1,10.8,10.5,10.2,9.9,9.6,9.3,9.0,8.7,8.4,8.1,7.8,7.5,7.2,6.9,6.6,6.3,6.0,5.7,5.4,5.1,4.8,4.5,4.2,3.9,3.6,3.3,3.0,2.7,2.4,2.1,1.8,1.5,1.2,0.9

+1————+30(间隔0.3)
0.9,1.2,1.5,1.8,2.1,2.4,2.7,3.0,3.3,3.6,3.9,4.2,4.5,4.8,5.1,5.4,5.7,6.0,6.3,6.6,6.9,7.2,7.5,7.8,8.1,8.4,8.7,9.0,9.3,9.6,9.9,10.2,10.5,10.8,11.1,11.4,11.7,12.0,12.3,12.6,12.9,13.2,13.5,13.8,14.1,14.4,14.7,15.0,15.3,15.6,15.9,16.2,16.5,16.8,17.1,17.4,17.7,18.0,18.3,18.6,18.9,19.2,19.5,19.8,20.1,20.4,20.7,21.0,21.3,21.6,21.9,22.2,22.5,22.8,23.1,23.4,23.7,24.0,24.3,24.6,24.9,25.2,25.5,25.8,26.1,26.4,26.7,27.0,27.3,27.6,27.9,28.2,28.5,28.8,29.1,29.4,29.7,30.0

+0————+1(间隔0.03)
0,0.03,0.06,0.09,0.12,0.15,0.18,0.21,0.24,0.27,0.3,0.33,0.36,0.39,0.42,0.45,0.48,0.51,0.54,0.57,0.6,0.63,0.66,0.69,0.72,0.75,0.78,0.81,0.84,0.87,0.9,0.93,0.96,0.99

+1————+0(间隔0.03)
0.99,0.96,0.93,0.9,0.87,0.84,0.81,0.78,0.75,0.72,0.69,0.66,0.63,0.6,0.57,0.54,0.51,0.48,0.45,0.42,0.39,0.36,0.33,0.3,0.27,0.24,0.21,0.18,0.15,0.12,0.09,0.06,0.03,0



-1————+0(间隔0.03)
-0.99,-0.93,-0.87,-0.81,-0.75,-0.69,-0.63,-0.57,-0.51,-0.45,-0.39,-0.33,-0.27,-0.21,-0.15,-0.09,-0.03,0,-0.06,-0.12,-0.18,-0.24,-0.3,-0.36,-0.42,-0.48,-0.54,-0.6,-0.66,-0.72,-0.78,-0.84,-0.9,-0.96

+0————-1(间隔0.03)
0,-0.03,-0.06,-0.09,-0.12,-0.15,-0.18,-0.21,-0.24,-0.27,-0.3,-0.33,-0.36,-0.39,-0.42,-0.45,-0.48,-0.51,-0.54,-0.57,-0.6,-0.63,-0.66,-0.69,-0.72,-0.75,-0.78,-0.81,-0.84,-0.87,-0.9,-0.93,-0.96,-0.99







